<850, 13, 1001635200000, [130025 0.01825 23150 -0.17781 63479 0.0085 116448 0.0219 116448 0.0219 135758 -0.04545 29889 0.19442 116448 0.0219 3390 0.03409 14131 0.25 121629 0.21591 95473 0.05335 149241 0.25 ]>
<899, 16, 1016150400000, [130025 0.01825 23150 -0.17781 33107 0.10847 119246 -0.06 64156 0.02737 14911 -0.04821 55632 -0.0241 37551 -0.01369 31659 0.01718 128681 -0.01825 42155 0.0241 154060 0.08333 86616 -0.00575 106487 -0.125 55632 -0.0241 95473 0.05335 ]>
<905, 14, 1015545600000, [130025 0.01825 23150 -0.17781 154060 0.08333 33107 0.10847 78618 0.01369 55632 -0.0241 91796 -0.08503 15961 0.06026 88329 0.13256 55632 -0.0241 106487 -0.125 119246 -0.06 33107 0.10847 55632 -0.0241 ]>
<907, 24, 1014940800000, [130025 0.01825 23150 -0.17781 40266 0.023 23483 0.125 59868 0.06818 59868 0.06818 75558 0.01965 93141 0.08333 55632 -0.0241 31933 0.255 31659 0.01718 77902 0.03866 74961 0.16667 25423 0.01701 25423 0.01701 147812 0.5 33107 0.10847 67049 -0.125 63273 0.02812 139202 -0.00767 110410 0.05657 139202 -0.00767 132882 0.0241 64156 0.02737 ]>
<919, 9, 1013644800000, [130025 0.01825 23150 -0.17781 33107 0.10847 50207 0.01825 55632 -0.0241 79450 0.03931 113034 -0.06818 149605 0.045 23150 -0.17781 ]>
<928, 8, 1011916800000, [47641 -0.125 142645 0.00964 55632 -0.0241 66097 -0.0241 23150 -0.17781 105900 0.05021 26632 0.02 16132 -0.01701 ]>
<931, 7, 1010016000000, [130025 0.01825 23150 -0.17781 55632 -0.0241 95473 0.05335 43019 -0.03061 55632 -0.0241 16132 -0.01701 ]>
<932, 11, 1010707200000, [130025 0.01825 23150 -0.17781 103791 0.05102 115793 -0.06818 49762 0.07299 16132 -0.01701 134678 -0.13636 73573 0.42045 55632 -0.0241 76532 0.02063 35722 0.03409 ]>
<1281, 6, 1005177600000, [130025 0.01825 23150 -0.17781 149975 0.03 77902 0.03866 77902 0.03866 16132 -0.01701 ]>
<1297, 7, 1004659200000, [130025 0.01825 23150 -0.17781 83928 0.26136 16132 -0.01701 149036 0.07231 125267 0.0219 77902 0.03866 ]>
<1309, 14, 1004054400000, [130025 0.01825 23150 -0.17781 149036 0.07231 143600 0.015 105196 -0.0241 40465 0.15 44983 -0.18182 154341 -0.125 55632 -0.0241 130025 0.01825 73573 0.42045 26632 0.02 49762 0.07299 61370 0.01369 ]>
<1896, 11, 1013644800000, [130025 0.01825 23150 -0.17781 104382 0.04167 131945 -0.0438 113034 -0.06818 93141 0.08333 3390 0.03409 135975 -0.1 149605 0.045 55632 -0.0241 30700 0.16667 ]>
<5289, 22, 1006732800000, [138769 0.12787 64156 0.02737 138769 0.12787 64156 0.02737 119622 0.03794 55632 -0.0241 119622 0.03794 87317 0.01473 55632 -0.0241 120424 0.02273 49762 0.07299 64156 0.02737 55632 -0.0241 55632 -0.0241 90727 -0.16667 58531 0.08333 151007 0.33333 84993 -0.04216 17138 0.06 84993 -0.04216 56275 0.10949 87317 0.01473 ]>
<5327, 13, 1006128000000, [138769 0.12787 55632 -0.0241 138769 0.12787 87876 0.06818 55632 -0.0241 52423 0.08064 126361 -0.05474 36677 -0.27212 150000 -0.625 55632 -0.0241 41138 0.12318 149975 0.03 41396 0.17857 ]>
<5472, 26, 1004313600000, [138769 0.12787 64156 0.02737 87876 0.06818 119622 0.03794 55632 -0.0241 126361 -0.05474 126361 -0.05474 115937 0.39 106327 0.125 150000 -0.625 108390 0.20455 102994 0.04545 87862 0.125 135758 -0.04545 55632 -0.0241 16942 0.023 140986 0.02273 58531 0.08333 55560 -0.02 55653 0.0115 67049 -0.125 106893 0.03571 129663 0.25 41396 0.17857 87317 0.01473 2937 0.12092 ]>
<6400, 9, 1013126400000, [33107 0.10847 77902 0.03866 78181 -0.04167 110453 0.04024 88939 0.03201 46997 0.04167 39175 -0.185 55632 -0.0241 146149 0.02009 ]>
<6456, 3, 1012521600000, [18006 0.25 31659 0.01718 124710 0.01607 ]>
<6508, 12, 1011916800000, [137430 0.03844 140154 0.625 16132 -0.01701 55632 -0.0241 3853 0.04268 55632 -0.0241 55632 -0.0241 125267 0.0219 67049 -0.125 2937 0.12092 119622 0.03794 55632 -0.0241 ]>
<6626, 3, 1010966400000, [59707 -0.02041 136315 0.05474 10293 0.125 ]>
<6631, 5, 1010966400000, [59707 -0.02041 88175 0.06818 105900 0.05021 125336 0.04762 120424 0.02273 ]>
<6636, 14, 1010707200000, [46507 0.05782 136897 -0.04167 136157 0.01884 97722 0.04167 55632 -0.0241 67049 -0.125 36777 -0.11932 67049 -0.125 31933 0.255 137430 0.03844 7061 0.06132 55632 -0.0241 42155 0.0241 91796 -0.08503 ]>
<6690, 8, 1010102400000, [26467 -0.015 67049 -0.125 86629 0.0085 26467 -0.015 137430 0.03844 10919 -0.00491 140871 0.13636 19856 0.13636 ]>
<6724, 3, 1009497600000, [67049 -0.125 25423 0.01701 150218 0.01538 ]>
<6744, 1, 1008892800000, [77902 0.03866 ]>
<6778, 2, 1008288000000, [14911 -0.04821 55632 -0.0241 ]>
<8350, 8, 969408000000, [7757 0.02314 121436 -0.03 55632 -0.0241 83464 -0.38636 109682 -0.25 14506 0.625 104747 0.34091 68623 0.41667 ]>
<11044, 5, 968976000000, [83464 -0.38636 5731 0.02721 120424 0.02273 14506 0.625 104747 0.34091 ]>
<18956, 4, 1004313600000, [106627 0.03409 36777 -0.11932 16132 -0.01701 14506 0.625 ]>
<19753, 13, 1006214400000, [64156 0.02737 121454 0.055 126361 -0.05474 126361 -0.05474 30700 0.16667 150000 -0.625 28792 -0.015 55560 -0.02 119364 0.02099 137430 0.03844 79450 0.03931 149975 0.03 135758 -0.04545 ]>
<19840, 15, 1006819200000, [138769 0.12787 138769 0.12787 87876 0.06818 55632 -0.0241 115937 0.39 99825 0.01136 138769 0.12787 55632 -0.0241 28792 -0.015 120424 0.02273 55632 -0.0241 82613 -0.20073 104747 0.34091 131309 0.05223 28681 -0.14773 ]>
<19923, 16, 1006214400000, [138769 0.12787 55632 -0.0241 138769 0.12787 87876 0.06818 108390 0.20455 119622 0.03794 55632 -0.0241 149975 0.03 147796 -0.75 121454 0.055 36677 -0.27212 104747 0.34091 114965 0.275 55632 -0.0241 58531 0.08333 104747 0.34091 ]>
<20001, 1, 1006128000000, [106627 0.03409 ]>
<20478, 5, 968976000000, [83464 -0.38636 5731 0.02721 120424 0.02273 14506 0.625 104747 0.34091 ]>
<24634, 1, 1009411200000, [6726 0.08929 ]>
<32880, 2, 988502400000, [60642 0.125 90570 0.10227 ]>
<32905, 1, 987897600000, [74551 0.625 ]>
<34580, 2, 976233600000, [104747 0.34091 155093 0.0271 ]>
<40749, 1, 1009497600000, [67049 -0.125 ]>
<41007, 3, 1005004800000, [80297 0.04167 125336 0.04762 59030 0.25 ]>
<41067, 1, 1009497600000, [67049 -0.125 ]>
<41317, 28, 996019200000, [136005 0.04106 83464 -0.38636 55632 -0.0241 147000 0.01531 58815 0.54167 55632 -0.0241 2286 0.01095 115832 0.02415 100991 0.01574 39960 0.02431 154683 0.25 127825 0.00528 127825 0.00528 58812 -0.04944 2937 0.12092 104310 0.2 32460 0.01314 119760 0.04932 79450 0.03931 67049 -0.125 145264 -0.11826 110410 0.05657 83464 -0.38636 90436 0.00053 104310 0.2 55632 -0.0241 55632 -0.0241 91726 0.21898 ]>
<42080, 1, 1006300800000, [105900 0.05021 ]>
<42379, 1, 1003276800000, [16132 -0.01701 ]>
<42555, 1, 1003968000000, [155093 0.0271 ]>
<42556, 1, 1003363200000, [155093 0.0271 ]>
<43004, 1, 993600000000, [17138 0.06 ]>
<43069, 1, 993600000000, [17138 0.06 ]>
<43070, 1, 993600000000, [154538 -0.06818 ]>
<44155, 1, 1006300800000, [49762 0.07299 ]>
<44645, 1, 1011830400000, [104747 0.34091 ]>
<44730, 8, 1016150400000, [77902 0.03866 140154 0.625 135495 0.08035 72449 0.23864 55632 -0.0241 132577 0.45455 99825 0.01136 152632 0.04167 ]>
<44967, 14, 1015545600000, [124406 -0.05891 16942 0.023 25423 0.01701 90495 -0.16667 74823 -0.18 33254 0.00461 127830 0.125 104692 0.08248 77902 0.03866 28114 0.01616 67049 -0.125 20483 0.0102 86135 0.04545 79450 0.03931 ]>
<45016, 9, 1014336000000, [29366 -0.08333 116448 0.0219 44389 0.01505 94451 -0.03409 85999 -0.08333 21292 -0.11364 119622 0.03794 136890 0.06818 146017 0.015 ]>
<45059, 10, 1014940800000, [52806 0.41667 55632 -0.0241 81774 0.07299 115896 0.00689 137430 0.03844 99714 -0.24818 136315 0.05474 16704 0.20455 145843 -0.35 8291 0.07653 ]>
<45269, 9, 1013126400000, [33107 0.10847 77902 0.03866 78181 -0.04167 110453 0.04024 88939 0.03201 46997 0.04167 39175 -0.185 55632 -0.0241 146149 0.02009 ]>
<45323, 3, 1012521600000, [18006 0.25 31659 0.01718 124710 0.01607 ]>
<45401, 1, 1008806400000, [72081 -0.14773 ]>
<45435, 12, 1011916800000, [137430 0.03844 140154 0.625 16132 -0.01701 55632 -0.0241 3853 0.04268 55632 -0.0241 55632 -0.0241 125267 0.0219 67049 -0.125 2937 0.12092 119622 0.03794 55632 -0.0241 ]>
<45453, 1, 1011830400000, [104747 0.34091 ]>
<46366, 5, 1010966400000, [59707 -0.02041 88175 0.06818 105900 0.05021 125336 0.04762 120424 0.02273 ]>
<46367, 1, 1010707200000, [114089 0.25 ]>
<47034, 1, 1006300800000, [49762 0.07299 ]>
<47145, 14, 1010707200000, [46507 0.05782 136897 -0.04167 136157 0.01884 97722 0.04167 55632 -0.0241 67049 -0.125 36777 -0.11932 67049 -0.125 31933 0.255 137430 0.03844 7061 0.06132 55632 -0.0241 42155 0.0241 91796 -0.08503 ]>
<47348, 8, 1002240000000, [59868 0.06818 124710 0.01607 122604 0.03547 43358 0.01956 124710 0.01607 105900 0.05021 126746 0.045 38790 0.01256 ]>
<47383, 8, 1003363200000, [55632 -0.0241 125267 0.0219 55632 -0.0241 26467 -0.015 124710 0.01607 67049 -0.125 55632 -0.0241 42155 0.0241 ]>
<47493, 2, 1004054400000, [117026 -0.00715 55632 -0.0241 ]>
<50216, 16, 999129600000, [29889 0.19442 10600 0.25 75558 0.01965 33107 0.10847 40266 0.023 143260 0.03314 45443 0.125 55632 -0.0241 55632 -0.0241 110453 0.04024 104747 0.34091 55632 -0.0241 55632 -0.0241 37636 0.1 55653 0.0115 55632 -0.0241 ]>
<50395, 1, 1008892800000, [151215 0.13636 ]>
<58099, 159, 1006214400000, [33107 0.10847 104747 0.34091 67049 -0.125 98633 0.05474 12013 0.02027 25423 0.01701 82387 -0.125 57964 0.06818 25423 0.01701 88939 0.03201 55632 -0.0241 49762 0.07299 88939 0.03201 116924 0.0207 9125 0.04167 45322 -0.33344 103791 0.05102 88939 0.03201 57964 0.06818 131945 -0.0438 82577 -0.19037 55632 -0.0241 79450 0.03931 45906 0.04481 55632 -0.0241 79450 0.03931 55632 -0.0241 26632 0.02 55632 -0.0241 46140 -0.17247 57964 0.06818 55632 -0.0241 76532 0.02063 48336 0.375 103791 0.05102 105900 0.05021 103791 0.05102 87793 -0.36 100761 0.04 103791 0.05102 126549 0.04 3110 -0.06428 110410 0.05657 26632 0.02 144089 -0.00641 57964 0.06818 67049 -0.125 88939 0.03201 124415 0.02273 29581 0.06 64750 0.105 30897 0.27273 82659 0.07653 55632 -0.0241 112719 -0.06843 76532 0.02063 106327 0.125 57964 0.06818 57964 0.06818 55632 -0.0241 67049 -0.125 55632 -0.0241 67049 -0.125 79450 0.03931 103791 0.05102 88643 -0.0207 33107 0.10847 44071 -0.04167 101583 -0.01825 78618 0.01369 46702 0.01369 51087 0.13636 50793 0.375 49958 0.25 142110 0.25 117026 -0.00715 79450 0.03931 106327 0.125 143600 0.015 46702 0.01369 102861 0.02737 55632 -0.0241 67049 -0.125 90727 -0.16667 146017 0.015 55632 -0.0241 57964 0.06818 46702 0.01369 55632 -0.0241 55632 -0.0241 5571 0.09091 55632 -0.0241 57964 0.06818 55632 -0.0241 125336 0.04762 26850 0.375 55632 -0.0241 79450 0.03931 98285 0.10204 85892 0.075 78618 0.01369 131945 -0.0438 8443 -0.08555 126507 0.015 115793 -0.06818 33107 0.10847 103791 0.05102 103797 0.02755 55632 -0.0241 105900 0.05021 91064 0.01607 17263 0.25 119246 -0.06 55632 -0.0241 55632 -0.0241 31659 0.01718 103791 0.05102 55632 -0.0241 105900 0.05021 55632 -0.0241 128681 -0.01825 55632 -0.0241 57964 0.06818 57964 0.06818 119622 0.03794 17263 0.25 15961 0.06026 119082 0.16667 135495 0.08035 135495 0.08035 55632 -0.0241 368 -0.16667 22443 0.00366 103791 0.05102 33107 0.10847 34987 -0.01701 12013 0.02027 131945 -0.0438 33107 0.10847 33107 0.10847 55560 -0.02 55632 -0.0241 55632 -0.0241 55632 -0.0241 27728 -0.125 68988 -0.04167 125336 0.04762 79450 0.03931 124415 0.02273 119246 -0.06 78181 -0.04167 79450 0.03931 55632 -0.0241 52806 0.41667 29581 0.06 67049 -0.125 103791 0.05102 55632 -0.0241 154654 0.08333 ]>
<58622, 145, 1003190400000, [33107 0.10847 104747 0.34091 95236 0.025 79450 0.03931 100991 0.01574 55632 -0.0241 41309 0.125 37908 0.49909 2937 0.12092 63479 0.0085 133281 0.01035 129737 -0.08333 67049 -0.125 46140 -0.17247 58527 0.24 48081 0.06818 44389 0.01505 55632 -0.0241 118171 0.08212 59030 0.25 46140 -0.17247 79047 -0.5 103791 0.05102 49762 0.07299 87293 -0.02551 27844 0.5 64156 0.02737 64156 0.02737 66662 0.29167 89607 -0.26004 2937 0.12092 88036 0.20833 93834 0.21898 41312 -0.125 119246 -0.06 93834 0.21898 33107 0.10847 67049 -0.125 132882 0.0241 105900 0.05021 152806 0.12 125267 0.0219 55632 -0.0241 154341 -0.125 102861 0.02737 67049 -0.125 119082 0.16667 33107 0.10847 108390 0.20455 146149 0.02009 55632 -0.0241 67049 -0.125 55632 -0.0241 67049 -0.125 120424 0.02273 92397 -0.0102 9125 0.04167 11556 0.20833 29581 0.06 33107 0.10847 29581 0.06 92397 -0.0102 98390 0.14623 2799 -0.02273 4465 -0.34091 55632 -0.0241 105900 0.05021 103791 0.05102 128681 -0.01825 103791 0.05102 25048 0.04545 95236 0.025 33107 0.10847 129520 0.25 79450 0.03931 33107 0.10847 102861 0.02737 55632 -0.0241 49714 -0.25 55632 -0.0241 82387 -0.125 144197 -0.13636 29581 0.06 146149 0.02009 125703 -0.625 104310 0.2 57964 0.06818 64156 0.02737 104310 0.2 78181 -0.04167 57964 0.06818 103791 0.05102 5518 0.02379 119246 -0.06 100126 -0.0365 33107 0.10847 33107 0.10847 57964 0.06818 129419 0.1141 132882 0.0241 29581 0.06 55632 -0.0241 55632 -0.0241 29581 0.06 29581 0.06 128681 -0.01825 25073 -0.625 119082 0.16667 31704 0.20408 76532 0.02063 127431 -0.06803 29581 0.06 10919 -0.00491 44389 0.01505 102861 0.02737 37534 -0.08333 33107 0.10847 30213 0.015 102861 0.02737 79450 0.03931 87015 -0.24 29051 -0.13636 143260 0.03314 142881 0.625 59499 0.21898 105900 0.05021 78392 -0.06973 140360 0.01825 23018 0.03409 126884 0.00792 85218 0.125 79450 0.03931 99118 -0.08333 55632 -0.0241 21489 -0.03214 48873 -0.0365 33107 0.10847 10513 -0.01701 149241 0.25 57964 0.06818 61629 -0.03285 27460 0.03214 18739 -0.53409 57964 0.06818 154654 0.08333 ]>
<59174, 1, 1011830400000, [104747 0.34091 ]>
<60111, 12, 1016582400000, [149241 0.25 15764 0.03 79450 0.03931 22971 0.57955 63502 -0.015 79450 0.03931 113214 0.0292 87293 -0.02551 24916 -0.125 8119 0.03943 96460 -0.0115 69190 -0.125 ]>
<60699, 7, 1005868800000, [121629 0.21591 77012 0.04284 21489 -0.03214 102861 0.02737 21489 -0.03214 112033 -0.03997 78618 0.01369 ]>
<60716, 6, 1008806400000, [64156 0.02737 78618 0.01369 154937 -0.03827 55632 -0.0241 154937 -0.03827 18544 -0.5 ]>
<60785, 13, 1001635200000, [130025 0.01825 23150 -0.17781 63479 0.0085 116448 0.0219 116448 0.0219 135758 -0.04545 29889 0.19442 116448 0.0219 3390 0.03409 14131 0.25 121629 0.21591 95473 0.05335 149241 0.25 ]>
<67984, 1, 1001635200000, [82387 -0.125 ]>
<70014, 2, 1002585600000, [89607 -0.26004 104310 0.2 ]>
<70019, 4, 1002672000000, [80297 0.04167 125336 0.04762 110019 0.04167 104310 0.2 ]>
<70172, 2, 1013644800000, [104747 0.34091 155093 0.0271 ]>
<70173, 2, 1014249600000, [104747 0.34091 155093 0.0271 ]>
<70179, 2, 1014854400000, [104747 0.34091 155093 0.0271 ]>
<70487, 2, 1013040000000, [104747 0.34091 155093 0.0271 ]>
<71329, 1, 1009411200000, [6726 0.08929 ]>
<71345, 1, 1009929600000, [75558 0.01965 ]>
<77404, 14, 970444800000, [55632 -0.0241 91726 0.21898 120424 0.02273 55632 -0.0241 149975 0.03 88329 0.13256 60642 0.125 79450 0.03931 76532 0.02063 43421 -0.22 834 -0.375 107001 -0.25 16132 -0.01701 55632 -0.0241 ]>
<77495, 19, 971136000000, [127825 0.00528 106627 0.03409 55632 -0.0241 130100 0.375 2937 0.12092 62937 0.5 105900 0.05021 105900 0.05021 105900 0.05021 55632 -0.0241 72522 -0.36 137131 0.25 72693 -0.01129 55632 -0.0241 130264 0.02038 10854 0.00854 29889 0.19442 72374 0.03401 66501 -0.03409 ]>
<77541, 8, 971654400000, [106627 0.03409 55632 -0.0241 147942 -0.05624 79450 0.03931 55632 -0.0241 8443 -0.08555 7093 -0.03 55632 -0.0241 ]>
<77598, 17, 972259200000, [106627 0.03409 55632 -0.0241 54313 0.08333 26539 0.02737 145603 0.08333 105680 0.075 79450 0.03931 117026 -0.00715 107001 -0.25 110661 -0.21898 2937 0.12092 109057 -0.05969 9762 0.00753 55632 -0.0241 47813 -0.02209 115793 -0.06818 55632 -0.0241 ]>
<77734, 22, 973555200000, [104747 0.34091 127825 0.00528 106627 0.03409 2937 0.12092 91129 0.1136 5731 0.02721 58028 0.00956 32007 0.06 38774 0.00404 29471 0.125 105900 0.05021 91796 -0.08503 144732 -0.00125 75558 0.01965 110661 -0.21898 87793 -0.36 36777 -0.11932 105680 0.075 10513 -0.01701 55632 -0.0241 100511 -0.25 79450 0.03931 ]>
<77781, 11, 974073600000, [127825 0.00528 106627 0.03409 88643 -0.0207 129737 -0.08333 116909 -0.5 110661 -0.21898 147533 -0.125 79450 0.03931 105900 0.05021 36777 -0.11932 115793 -0.06818 ]>
<77845, 14, 975369600000, [127825 0.00528 106627 0.03409 36777 -0.11932 57068 -0.02551 36777 -0.11932 90727 -0.16667 114337 0.03556 90436 0.00053 140234 -0.33333 72693 -0.01129 14351 -0.02273 55632 -0.0241 71884 0.02007 107001 -0.25 ]>
<77920, 12, 976492800000, [127825 0.00528 106627 0.03409 43760 -0.125 128674 -0.03329 55632 -0.0241 61105 -0.26276 105900 0.05021 150218 0.01538 118752 0.01965 6588 0.12 8443 -0.08555 107001 -0.25 ]>
<77982, 7, 977011200000, [104747 0.34091 127825 0.00528 106627 0.03409 143430 0.00425 55632 -0.0241 3390 0.03409 55632 -0.0241 ]>
<77989, 13, 977097600000, [110019 0.04167 39993 0.695 66501 -0.03409 127825 0.00528 55632 -0.0241 2937 0.12092 105854 0.06378 115291 0.06818 67626 0.5 134678 -0.13636 105900 0.05021 47813 -0.02209 33107 0.10847 ]>
<78181, 15, 979603200000, [104747 0.34091 127825 0.00528 106627 0.03409 113034 -0.06818 43549 0.015 110661 -0.21898 67583 0.17677 77012 0.04284 29889 0.19442 105900 0.05021 8418 -0.02583 43760 -0.125 55632 -0.0241 6588 0.12 79450 0.03931 ]>
<78280, 15, 980726400000, [55632 -0.0241 66501 -0.03409 14351 -0.02273 3390 0.03409 106930 -0.70833 82577 -0.19037 144089 -0.00641 64108 -0.01915 21981 0.08333 151215 0.13636 22049 0.14256 17361 0.45833 9402 -0.375 82577 -0.19037 107001 -0.25 ]>
<78356, 16, 981849600000, [79450 0.03931 105900 0.05021 83928 0.26136 34831 0.04167 16463 -0.00051 55632 -0.0241 31933 0.255 146933 0.06818 6726 0.08929 115793 -0.06818 110410 0.05657 14517 0.08333 16431 -0.16 147759 -0.18561 149241 0.25 106317 -0.12405 ]>
<78383, 8, 982627200000, [56158 -0.04167 55632 -0.0241 110535 -0.01369 82577 -0.19037 79450 0.03931 61069 0.20833 9762 0.00753 8443 -0.08555 ]>
<78398, 3, 982713600000, [104747 0.34091 55632 -0.0241 55632 -0.0241 ]>
<78411, 12, 983145600000, [127825 0.00528 97894 0.16298 3037 0.20833 22971 0.57955 34756 0.04653 152205 0.00425 91796 -0.08503 82387 -0.125 105900 0.05021 41771 0.13686 17361 0.45833 9762 0.00753 ]>
<84724, 13, 1006214400000, [138769 0.12787 55632 -0.0241 138769 0.12787 87876 0.06818 55632 -0.0241 52423 0.08064 126361 -0.05474 36677 -0.27212 150000 -0.625 55632 -0.0241 41138 0.12318 149975 0.03 41396 0.17857 ]>
<87636, 1, 1008806400000, [72081 -0.14773 ]>
<87640, 1, 1008806400000, [39993 0.695 ]>
<87856, 1, 997920000000, [82387 -0.125 ]>
<87910, 1, 997401600000, [82387 -0.125 ]>
<87911, 1, 997401600000, [82387 -0.125 ]>
<87973, 1, 996969600000, [82387 -0.125 ]>
<88103, 1, 995587200000, [82387 -0.125 ]>
<88146, 1, 995241600000, [82387 -0.125 ]>
<88407, 1, 1001635200000, [82387 -0.125 ]>
<88491, 1, 1001030400000, [82387 -0.125 ]>
<88587, 1, 1000425600000, [82387 -0.125 ]>
<88662, 1, 999820800000, [82387 -0.125 ]>
<88907, 3, 991785600000, [95473 0.05335 154937 -0.03827 66662 0.29167 ]>
<89360, 8, 988848000000, [67049 -0.125 19849 0.09091 55632 -0.0241 49958 0.25 68988 -0.04167 121629 0.21591 55632 -0.0241 27824 0.03028 ]>
<89405, 4, 969494400000, [140360 0.01825 72651 0.06818 55632 -0.0241 67049 -0.125 ]>
<89415, 2, 962064000000, [54578 -0.125 119622 0.03794 ]>
<89567, 1, 1000339200000, [32460 0.01314 ]>
<89842, 1, 989452800000, [82387 -0.125 ]>
<89941, 2, 990144000000, [82387 -0.125 143260 0.03314 ]>
<99139, 3, 968198400000, [25863 -0.04167 116537 0.04167 116448 0.0219 ]>
<112888, 13, 1012262400000, [121454 0.055 84080 -0.03214 3390 0.03409 27636 0.45833 56275 0.10949 49403 0.0219 55632 -0.0241 41138 0.12318 55632 -0.0241 2937 0.12092 67049 -0.125 84993 -0.04216 64156 0.02737 ]>
<118994, 31, 1003795200000, [7093 -0.03 87793 -0.36 33107 0.10847 143260 0.03314 55632 -0.0241 140871 0.13636 55632 -0.0241 75558 0.01965 130025 0.01825 132882 0.0241 114107 -0.27313 143260 0.03314 126783 0.08333 67049 -0.125 143260 0.03314 143260 0.03314 41396 0.17857 143260 0.03314 132882 0.0241 151007 0.33333 55632 -0.0241 21489 -0.03214 151007 0.33333 33107 0.10847 67049 -0.125 33107 0.10847 140360 0.01825 55632 -0.0241 7093 -0.03 22310 -0.125 79450 0.03931 ]>
<118997, 31, 1003795200000, [7093 -0.03 87793 -0.36 33107 0.10847 143260 0.03314 55632 -0.0241 140871 0.13636 55632 -0.0241 75558 0.01965 130025 0.01825 132882 0.0241 114107 -0.27313 143260 0.03314 126783 0.08333 67049 -0.125 143260 0.03314 143260 0.03314 41396 0.17857 143260 0.03314 132882 0.0241 151007 0.33333 55632 -0.0241 21489 -0.03214 151007 0.33333 33107 0.10847 67049 -0.125 33107 0.10847 140360 0.01825 55632 -0.0241 7093 -0.03 22310 -0.125 79450 0.03931 ]>
<119098, 31, 1003708800000, [7093 -0.03 87793 -0.36 33107 0.10847 143260 0.03314 55632 -0.0241 140871 0.13636 55632 -0.0241 75558 0.01965 130025 0.01825 132882 0.0241 114107 -0.27313 143260 0.03314 126783 0.08333 67049 -0.125 143260 0.03314 143260 0.03314 41396 0.17857 143260 0.03314 132882 0.0241 151007 0.33333 55632 -0.0241 21489 -0.03214 151007 0.33333 33107 0.10847 67049 -0.125 33107 0.10847 140360 0.01825 55632 -0.0241 7093 -0.03 22310 -0.125 79450 0.03931 ]>
<119145, 1, 1008892800000, [151215 0.13636 ]>
<119752, 1, 984182400000, [8291 0.07653 ]>
<120051, 6, 961977600000, [150218 0.01538 18006 0.25 101700 0.01701 87829 0.08 151653 0.03285 110019 0.04167 ]>
<120057, 2, 964656000000, [104747 0.34091 39960 0.02431 ]>
<120095, 1, 965260800000, [104747 0.34091 ]>
<120332, 1, 963964800000, [126746 0.045 ]>
<120495, 1, 974073600000, [104747 0.34091 ]>
<120552, 1, 971049600000, [104747 0.34091 ]>
<120589, 2, 952300800000, [104747 0.34091 125336 0.04762 ]>
<120592, 1, 976233600000, [104747 0.34091 ]>
<120634, 1, 975542400000, [104747 0.34091 ]>
<120644, 2, 964915200000, [75558 0.01965 8443 -0.08555 ]>
<120666, 1, 976838400000, [104747 0.34091 ]>
<120821, 15, 979257600000, [104747 0.34091 29889 0.19442 43549 0.015 120007 -0.125 33038 -0.5 67583 0.17677 55632 -0.0241 55632 -0.0241 154937 -0.03827 55632 -0.0241 79450 0.03931 5731 0.02721 127612 0.0069 17138 0.06 55632 -0.0241 ]>
<126899, 2, 952300800000, [104747 0.34091 125336 0.04762 ]>
<127381, 6, 961977600000, [150218 0.01538 18006 0.25 101700 0.01701 87829 0.08 151653 0.03285 110019 0.04167 ]>
<127754, 1, 963964800000, [126746 0.045 ]>
<128515, 2, 964915200000, [75558 0.01965 8443 -0.08555 ]>
<128658, 1, 976838400000, [104747 0.34091 ]>
<128680, 2, 964656000000, [104747 0.34091 39960 0.02431 ]>
<128682, 1, 965260800000, [104747 0.34091 ]>
<128692, 1, 971049600000, [104747 0.34091 ]>
<128701, 1, 974073600000, [104747 0.34091 ]>
<128705, 1, 975542400000, [104747 0.34091 ]>
<128707, 18, 1004659200000, [71112 -0.27273 95473 0.05335 68988 -0.04167 124436 0.08333 55632 -0.0241 5731 0.02721 68988 -0.04167 100761 0.04 64156 0.02737 95473 0.05335 55632 -0.0241 150412 0.05102 21981 0.08333 150412 0.05102 143260 0.03314 67049 -0.125 64156 0.02737 52806 0.41667 ]>
<128708, 32, 998265600000, [63613 0.195 121629 0.21591 21981 0.08333 55632 -0.0241 55632 -0.0241 16132 -0.01701 56281 -0.045 27824 0.03028 7857 0.54167 129312 0.04167 41396 0.17857 95133 -0.20833 12013 0.02027 124157 0.33333 55632 -0.0241 33876 0.135 67049 -0.125 60192 -0.125 27824 0.03028 48392 0.05952 86778 0.10227 86778 0.10227 154937 -0.03827 49762 0.07299 21581 0.06 45418 0.04545 125336 0.04762 16431 -0.16 49762 0.07299 55632 -0.0241 105854 0.06378 82387 -0.125 ]>
<128717, 27, 995587200000, [92397 -0.0102 140423 0.0365 55632 -0.0241 143260 0.03314 129419 0.1141 106487 -0.125 102994 0.04545 91796 -0.08503 150412 0.05102 100991 0.01574 21994 0.58333 68623 0.41667 98771 0.375 150412 0.05102 56158 -0.04167 150412 0.05102 150412 0.05102 55632 -0.0241 104310 0.2 129481 0.25 55632 -0.0241 21981 0.08333 33107 0.10847 10919 -0.00491 23106 0.33333 135800 0.015 64156 0.02737 ]>
<128718, 37, 994032000000, [115896 0.00689 52806 0.41667 67049 -0.125 49762 0.07299 119246 -0.06 129481 0.25 31209 0.10227 55632 -0.0241 149036 0.07231 32946 0.03444 16132 -0.01701 10513 -0.01701 19473 0.19133 79450 0.03931 55632 -0.0241 16859 0.03099 29889 0.19442 100991 0.01574 55632 -0.0241 41396 0.17857 63931 -0.015 95473 0.05335 133281 0.01035 55632 -0.0241 99742 0.03409 119760 0.04932 126636 0.21898 27824 0.03028 27824 0.03028 25423 0.01701 126784 0.06402 75558 0.01965 33476 -0.125 55632 -0.0241 95473 0.05335 27824 0.03028 27824 0.03028 ]>
<128722, 32, 1003708800000, [52806 0.41667 67049 -0.125 67049 -0.125 55632 -0.0241 95473 0.05335 25048 0.04545 33876 0.135 119246 -0.06 64156 0.02737 150412 0.05102 150412 0.05102 79450 0.03931 19849 0.09091 55632 -0.0241 48392 0.05952 86778 0.10227 119246 -0.06 55632 -0.0241 118171 0.08212 48208 -0.04167 58064 0.19439 33107 0.10847 55632 -0.0241 27067 0.03673 99742 0.03409 133281 0.01035 150081 0.0438 154937 -0.03827 117364 0.04167 96056 0.20833 33107 0.10847 52806 0.41667 ]>
<128725, 29, 1002240000000, [56976 0.375 120424 0.02273 55632 -0.0241 90436 0.00053 87254 0.00533 55632 -0.0241 55632 -0.0241 95473 0.05335 55632 -0.0241 31209 0.10227 48208 -0.04167 106327 0.125 106327 0.125 149036 0.07231 75334 0.07299 15370 0.0085 55632 -0.0241 31659 0.01718 9320 -0.125 149036 0.07231 55632 -0.0241 64156 0.02737 67049 -0.125 24916 -0.125 57964 0.06818 55632 -0.0241 124436 0.08333 67049 -0.125 28686 0.03827 ]>
<128727, 31, 1001030400000, [55632 -0.0241 124436 0.08333 55632 -0.0241 75558 0.01965 79450 0.03931 33107 0.10847 119246 -0.06 97144 0.27273 33107 0.10847 12654 0.09 55632 -0.0241 55632 -0.0241 154937 -0.03827 86135 0.04545 35197 0.25 62033 -0.02273 72022 0.045 124810 -0.06 31209 0.10227 4366 0.03 140049 -0.125 16154 0.13636 149036 0.07231 71112 -0.27273 71112 -0.27273 49762 0.07299 3935 0.5 64156 0.02737 135800 0.015 21981 0.08333 59030 0.25 ]>
<128728, 38, 992563200000, [51087 0.13636 55632 -0.0241 12013 0.02027 105650 0.01928 57456 -0.06818 141087 0.375 49762 0.07299 61971 0.125 129520 0.25 129607 0.10227 67049 -0.125 16132 -0.01701 83997 0.08353 117210 0.08422 90711 0.00406 126636 0.21898 16859 0.03099 23106 0.33333 55632 -0.0241 47813 -0.02209 7857 0.54167 33107 0.10847 117364 0.04167 73172 0.09091 48392 0.05952 86778 0.10227 25423 0.01701 55632 -0.0241 60192 -0.125 154654 0.08333 49762 0.07299 86778 0.10227 14356 -0.34091 55632 -0.0241 75558 0.01965 136005 0.04106 100831 0.125 12013 0.02027 ]>
<128729, 36, 994032000000, [115896 0.00689 52806 0.41667 67049 -0.125 12013 0.02027 119246 -0.06 21981 0.08333 86778 0.10227 55632 -0.0241 149241 0.25 142454 -0.03409 124436 0.08333 55632 -0.0241 142735 0.40909 67049 -0.125 13500 -0.03285 14351 -0.02273 33254 0.00461 79450 0.03931 16859 0.03099 29889 0.19442 45906 0.04481 95473 0.05335 86135 0.04545 55632 -0.0241 149241 0.25 82659 0.07653 87253 -0.625 95473 0.05335 133281 0.01035 133281 0.01035 143260 0.03314 27824 0.03028 126784 0.06402 95473 0.05335 27824 0.03028 27824 0.03028 ]>
<128731, 66, 976838400000, [31090 -0.25 154937 -0.03827 57456 -0.06818 52806 0.41667 75558 0.01965 95473 0.05335 16930 0.02062 95473 0.05335 49762 0.07299 67049 -0.125 66662 0.29167 5731 0.02721 93834 0.21898 16132 -0.01701 55632 -0.0241 55632 -0.0241 55632 -0.0241 63479 0.0085 56382 0.33333 67049 -0.125 130411 0.06818 98390 0.14623 67049 -0.125 97144 0.27273 25048 0.04545 152590 -0.2466 117210 0.08422 16543 0.5 69551 -0.02737 137430 0.03844 44389 0.01505 137430 0.03844 6949 0.25 91796 -0.08503 124415 0.02273 129481 0.25 83366 -0.12318 129481 0.25 67049 -0.125 55632 -0.0241 55632 -0.0241 31933 0.255 49958 0.25 59868 0.06818 5731 0.02721 5731 0.02721 5731 0.02721 33107 0.10847 114431 0.08333 117210 0.08422 5518 0.02379 5731 0.02721 149241 0.25 16930 0.02062 119246 -0.06 67049 -0.125 86778 0.10227 59030 0.25 48392 0.05952 86778 0.10227 7807 0.12318 67049 -0.125 16431 -0.16 154937 -0.03827 76532 0.02063 8119 0.03943 ]>
<128733, 102, 980467200000, [118171 0.08212 149036 0.07231 33107 0.10847 128916 -0.25 33107 0.10847 113532 -0.01276 55632 -0.0241 66662 0.29167 119246 -0.06 105347 -0.135 101915 -0.125 86496 0.07955 150217 0.09567 71112 -0.27273 33107 0.10847 154937 -0.03827 71564 0.125 78191 0.01825 49762 0.07299 55632 -0.0241 115261 -0.125 119246 -0.06 135800 0.015 119246 -0.06 95473 0.05335 67049 -0.125 55632 -0.0241 153516 0.08212 86778 0.10227 95473 0.05335 74114 -0.07228 86778 0.10227 18949 0.20455 37061 0.25 118171 0.08212 36764 -0.08333 95473 0.05335 64156 0.02737 52806 0.41667 55632 -0.0241 55632 -0.0241 55632 -0.0241 55632 -0.0241 79450 0.03931 87472 0.125 16132 -0.01701 33107 0.10847 16132 -0.01701 119760 0.04932 5518 0.02379 59030 0.25 143260 0.03314 95473 0.05335 79450 0.03931 117997 0.33333 67049 -0.125 114571 -0.04545 64156 0.02737 114571 -0.04545 72651 0.06818 133281 0.01035 31288 0.125 152083 -0.00249 55632 -0.0241 117210 0.08422 37866 -0.43796 16942 0.023 50878 0.625 140423 0.0365 33107 0.10847 55632 -0.0241 73004 -0.08333 100126 -0.0365 79450 0.03931 16859 0.03099 27824 0.03028 77902 0.03866 23106 0.33333 125267 0.0219 105900 0.05021 59413 0.02273 117210 0.08422 63822 0.04344 55632 -0.0241 41396 0.17857 124415 0.02273 56976 0.375 27824 0.03028 44983 -0.18182 3853 0.04268 130100 0.375 16859 0.03099 23106 0.33333 56976 0.375 55632 -0.0241 33107 0.10847 16930 0.02062 89472 0.08333 143260 0.03314 143260 0.03314 29366 -0.08333 67049 -0.125 ]>
<128734, 51, 981676800000, [95133 -0.20833 78742 0.04167 116448 0.0219 109905 -0.25 88444 0.03409 73004 -0.08333 84818 -0.13636 49958 0.25 78191 0.01825 150412 0.05102 95473 0.05335 150412 0.05102 150412 0.05102 67049 -0.125 16132 -0.01701 16132 -0.01701 93834 0.21898 146017 0.015 55632 -0.0241 95473 0.05335 66662 0.29167 55632 -0.0241 100609 0.25 88939 0.03201 105900 0.05021 55632 -0.0241 48392 0.05952 16132 -0.01701 55632 -0.0241 86616 -0.00575 73004 -0.08333 33107 0.10847 84457 0.04545 143260 0.03314 127152 0.375 8119 0.03943 83366 -0.12318 55632 -0.0241 55632 -0.0241 16859 0.03099 67049 -0.125 67049 -0.125 7857 0.54167 73004 -0.08333 35800 0.13636 47813 -0.02209 32935 0.07755 150412 0.05102 150412 0.05102 15764 0.03 106487 -0.125 ]>
<128736, 70, 984096000000, [55632 -0.0241 126306 -0.04821 16132 -0.01701 90811 -0.10227 124415 0.02273 49958 0.25 97406 0.05442 31209 0.10227 79650 -0.03285 55632 -0.0241 119302 0.1031 147803 0.44318 116448 0.0219 119246 -0.06 125267 0.0219 126631 0.25 119246 -0.06 57964 0.06818 45054 -0.08333 140012 0.02812 31659 0.01718 56976 0.375 55632 -0.0241 73004 -0.08333 37313 0.19161 152526 0.20455 33107 0.10847 67049 -0.125 149036 0.07231 67049 -0.125 55632 -0.0241 21981 0.08333 114730 0.06569 55632 -0.0241 13830 0.16667 55632 -0.0241 137430 0.03844 10919 -0.00491 67049 -0.125 124436 0.08333 68988 -0.04167 48392 0.05952 86778 0.10227 95473 0.05335 41546 0.34763 67049 -0.125 98285 0.10204 86778 0.10227 48208 -0.04167 120631 0.06 59213 0.10949 49402 0.75 55632 -0.0241 104310 0.2 55632 -0.0241 49403 0.0219 105900 0.05021 16132 -0.01701 2286 0.01095 118171 0.08212 53658 0.03517 55632 -0.0241 55632 -0.0241 55632 -0.0241 122923 0.125 27744 -0.06026 119622 0.03794 30250 0.02 55632 -0.0241 97144 0.27273 ]>
<128739, 82, 984960000000, [116924 0.0207 116924 0.0207 55632 -0.0241 55632 -0.0241 95473 0.05335 118171 0.08212 49958 0.25 55632 -0.0241 95473 0.05335 119246 -0.06 66662 0.29167 33876 0.135 125336 0.04762 55632 -0.0241 122070 0.02751 119246 -0.06 75558 0.01965 119246 -0.06 67049 -0.125 119246 -0.06 137430 0.03844 86496 0.07955 75558 0.01965 86778 0.10227 55632 -0.0241 97406 0.05442 64156 0.02737 16132 -0.01701 16132 -0.01701 61379 0.38047 55632 -0.0241 100991 0.01574 39960 0.02431 75334 0.07299 31209 0.10227 55632 -0.0241 16132 -0.01701 137430 0.03844 119622 0.03794 55632 -0.0241 16132 -0.01701 64156 0.02737 56242 0.125 124415 0.02273 124415 0.02273 32935 0.07755 151215 0.13636 28680 0.25 117210 0.08422 149241 0.25 16877 0.165 21981 0.08333 59030 0.25 77476 0.125 90811 -0.10227 126636 0.21898 126884 0.00792 90684 -0.03409 55632 -0.0241 31659 0.01718 33107 0.10847 129607 0.10227 31933 0.255 117364 0.04167 68718 0.20833 55632 -0.0241 67564 0.015 64156 0.02737 16132 -0.01701 84577 -0.073 116924 0.0207 71884 0.02007 5731 0.02721 130100 0.375 16132 -0.01701 40266 0.023 49762 0.07299 116924 0.0207 14026 0.5 64156 0.02737 145264 -0.11826 55632 -0.0241 ]>
<128743, 76, 985910400000, [84818 -0.13636 88939 0.03201 63822 0.04344 21981 0.08333 16859 0.03099 64156 0.02737 121436 -0.03 126636 0.21898 34831 0.04167 55632 -0.0241 16132 -0.01701 127612 0.0069 95473 0.05335 119622 0.03794 55632 -0.0241 147000 0.01531 31740 -0.01205 64156 0.02737 55632 -0.0241 154341 -0.125 147759 -0.18561 130411 0.06818 55632 -0.0241 69551 -0.02737 68030 -0.33333 6080 0.08333 55632 -0.0241 2937 0.12092 63479 0.0085 16132 -0.01701 119246 -0.06 78618 0.01369 119246 -0.06 31933 0.255 63479 0.0085 16258 -0.01095 147639 0.16667 142685 0.08333 154937 -0.03827 95473 0.05335 12013 0.02027 55632 -0.0241 147803 0.44318 63502 -0.015 141087 0.375 119246 -0.06 64156 0.02737 33107 0.10847 33107 0.10847 3390 0.03409 33107 0.10847 119246 -0.06 119246 -0.06 105900 0.05021 121436 -0.03 79450 0.03931 104310 0.2 129419 0.1141 105900 0.05021 121436 -0.03 146353 0.27273 100991 0.01574 3390 0.03409 105900 0.05021 119622 0.03794 55632 -0.0241 16132 -0.01701 30250 0.02 117997 0.33333 30250 0.02 13764 0.01825 30250 0.02 75558 0.01965 123593 -0.02 91013 -0.01725 75558 0.01965 ]>
<128751, 7, 962928000000, [63479 0.0085 55632 -0.0241 154022 -0.03741 16859 0.03099 47813 -0.02209 10919 -0.00491 119246 -0.06 ]>
<128756, 18, 964742400000, [119246 -0.06 79450 0.03931 150412 0.05102 147477 0.06 54510 0.14773 67049 -0.125 71112 -0.27273 59868 0.06818 55632 -0.0241 55632 -0.0241 55632 -0.0241 125521 -0.06818 55632 -0.0241 12747 0.09 149975 0.03 68988 -0.04167 149784 0.02 54313 0.08333 ]>
<128757, 14, 965347200000, [126889 0.41667 55632 -0.0241 16132 -0.01701 67049 -0.125 150412 0.05102 16132 -0.01701 55632 -0.0241 121216 0.125 99118 -0.08333 125336 0.04762 55632 -0.0241 94123 0.02273 105900 0.05021 122788 0.25182 ]>
<128758, 25, 965952000000, [58653 -0.06 63479 0.0085 88939 0.03201 152632 0.04167 119246 -0.06 79450 0.03931 71112 -0.27273 9934 0.125 81710 -0.01105 125645 0.08929 119246 -0.06 71112 -0.27273 154937 -0.03827 55632 -0.0241 69076 0.01725 63479 0.0085 74823 -0.18 2937 0.12092 90436 0.00053 63479 0.0085 55632 -0.0241 119246 -0.06 67049 -0.125 95473 0.05335 115896 0.00689 ]>
<128759, 20, 966556800000, [55632 -0.0241 16132 -0.01701 16132 -0.01701 37908 0.49909 64156 0.02737 150412 0.05102 16942 0.023 55632 -0.0241 110535 -0.01369 104310 0.2 84457 0.04545 55632 -0.0241 90940 -0.04106 140423 0.0365 47813 -0.02209 104185 -0.125 18570 0.09854 88329 0.13256 66501 -0.03409 37504 -0.03329 ]>
<128769, 62, 970185600000, [68988 -0.04167 5731 0.02721 55632 -0.0241 124436 0.08333 2937 0.12092 7030 0.02551 67653 0.0069 79450 0.03931 67049 -0.125 117364 0.04167 67049 -0.125 68988 -0.04167 127825 0.00528 86475 0.01369 21981 0.08333 91796 -0.08503 96056 0.20833 59499 0.21898 79450 0.03931 55632 -0.0241 125267 0.0219 31659 0.01718 149241 0.25 121629 0.21591 48392 0.05952 58087 0.16423 68988 -0.04167 3390 0.03409 68988 -0.04167 48392 0.05952 49762 0.07299 149241 0.25 124962 -0.01448 48392 0.05952 86778 0.10227 16132 -0.01701 16132 -0.01701 59030 0.25 79450 0.03931 55632 -0.0241 150412 0.05102 31659 0.01718 118171 0.08212 67049 -0.125 48873 -0.0365 21981 0.08333 121216 0.125 12827 0.05474 95473 0.05335 64156 0.02737 152806 0.12 55632 -0.0241 55632 -0.0241 132882 0.0241 45143 0.04167 126636 0.21898 67049 -0.125 59868 0.06818 99742 0.03409 99742 0.03409 33107 0.10847 3390 0.03409 ]>
<128771, 99, 971395200000, [68988 -0.04167 150412 0.05102 55246 -0.04653 55632 -0.0241 55632 -0.0241 110630 0.08333 100761 0.04 127376 0.20455 55632 -0.0241 128681 -0.01825 68623 0.41667 147477 0.06 90436 0.00053 10919 -0.00491 143260 0.03314 143260 0.03314 33107 0.10847 68452 0.03409 117364 0.04167 79450 0.03931 119082 0.16667 64156 0.02737 21981 0.08333 16132 -0.01701 117364 0.04167 97144 0.27273 103791 0.05102 33107 0.10847 117364 0.04167 99742 0.03409 133281 0.01035 59868 0.06818 79450 0.03931 105680 0.075 124962 -0.01448 29671 -0.08333 31659 0.01718 31933 0.255 88444 0.03409 55632 -0.0241 99742 0.03409 99825 0.01136 127431 -0.06803 53159 -0.0219 86616 -0.00575 53159 -0.0219 55632 -0.0241 8119 0.03943 14351 -0.02273 55632 -0.0241 41771 0.13686 153074 -0.0405 95473 0.05335 16942 0.023 16132 -0.01701 117210 0.08422 82387 -0.125 140360 0.01825 55632 -0.0241 127836 0.02041 44389 0.01505 68988 -0.04167 63479 0.0085 14351 -0.02273 89607 -0.26004 55632 -0.0241 55632 -0.0241 115793 -0.06818 79450 0.03931 88329 0.13256 68988 -0.04167 48392 0.05952 19473 0.19133 55653 0.0115 153516 0.08212 86778 0.10227 48392 0.05952 81710 -0.01105 67049 -0.125 86778 0.10227 86778 0.10227 55632 -0.0241 48392 0.05952 135975 -0.1 48392 0.05952 86778 0.10227 48392 0.05952 119246 -0.06 31209 0.10227 64156 0.02737 61105 -0.26276 10600 0.25 108940 -0.375 55632 -0.0241 115896 0.00689 86616 -0.00575 79450 0.03931 33107 0.10847 55632 -0.0241 ]>
<128775, 81, 972604800000, [115793 -0.06818 30443 0.06818 136890 0.06818 99118 -0.08333 67564 0.015 105196 -0.0241 64156 0.02737 153516 0.08212 87793 -0.36 14351 -0.02273 121629 0.21591 2937 0.12092 48392 0.05952 86778 0.10227 68988 -0.04167 105900 0.05021 55632 -0.0241 153818 0.02737 48392 0.05952 86778 0.10227 98327 0.00376 95473 0.05335 55632 -0.0241 64156 0.02737 79450 0.03931 55632 -0.0241 16132 -0.01701 97406 0.05442 55632 -0.0241 55632 -0.0241 16132 -0.01701 58137 0.13636 120112 0.33333 67049 -0.125 67049 -0.125 58137 0.13636 150412 0.05102 88939 0.03201 31933 0.255 83997 0.08353 119246 -0.06 79450 0.03931 71112 -0.27273 119246 -0.06 71112 -0.27273 149036 0.07231 119246 -0.06 55632 -0.0241 3390 0.03409 100991 0.01574 37866 -0.43796 37866 -0.43796 95473 0.05335 150412 0.05102 150412 0.05102 79450 0.03931 52818 -0.06 43679 0.66667 106241 -0.0219 139601 0.25 27728 -0.125 55632 -0.0241 41396 0.17857 152806 0.12 152806 0.12 75558 0.01965 44389 0.01505 152806 0.12 3390 0.03409 33254 0.00461 32078 -0.04167 117364 0.04167 33107 0.10847 130100 0.375 68623 0.41667 117364 0.04167 55632 -0.0241 83366 -0.12318 33107 0.10847 33107 0.10847 117364 0.04167 ]>
<128776, 59, 973468800000, [119246 -0.06 119246 -0.06 68988 -0.04167 55632 -0.0241 25048 0.04545 114571 -0.04545 55632 -0.0241 95473 0.05335 150412 0.05102 18949 0.20455 150412 0.05102 67049 -0.125 149241 0.25 121629 0.21591 103791 0.05102 64156 0.02737 126746 0.045 106670 0.09642 95473 0.05335 55632 -0.0241 55632 -0.0241 21292 -0.11364 117210 0.08422 16132 -0.01701 86135 0.04545 19473 0.19133 150412 0.05102 119246 -0.06 91213 0.20408 149241 0.25 84993 -0.04216 82659 0.07653 94853 0.05348 149241 0.25 95473 0.05335 67049 -0.125 124436 0.08333 87254 0.00533 149241 0.25 68988 -0.04167 59030 0.25 16431 -0.16 105854 0.06378 86778 0.10227 75558 0.01965 140423 0.0365 55524 -0.125 55632 -0.0241 67049 -0.125 12579 -0.125 105680 0.075 31659 0.01718 124415 0.02273 3390 0.03409 136315 0.05474 48208 -0.04167 119082 0.16667 28564 0.17518 55632 -0.0241 ]>
<129000, 16, 999129600000, [29889 0.19442 10600 0.25 75558 0.01965 33107 0.10847 40266 0.023 143260 0.03314 45443 0.125 55632 -0.0241 55632 -0.0241 110453 0.04024 104747 0.34091 55632 -0.0241 55632 -0.0241 37636 0.1 55653 0.0115 55632 -0.0241 ]>
<129110, 15, 979257600000, [104747 0.34091 29889 0.19442 43549 0.015 120007 -0.125 33038 -0.5 67583 0.17677 55632 -0.0241 55632 -0.0241 154937 -0.03827 55632 -0.0241 79450 0.03931 5731 0.02721 127612 0.0069 17138 0.06 55632 -0.0241 ]>
<129362, 1, 984182400000, [8291 0.07653 ]>
<153760, 14, 990921600000, [23106 0.33333 105900 0.05021 55632 -0.0241 43884 -0.125 134108 -0.05748 3390 0.03409 59030 0.25 16132 -0.01701 16132 -0.01701 23860 -0.16667 86734 0.0068 14351 -0.02273 47368 -0.06628 120424 0.02273 ]>
<155706, 1, 1006732800000, [104747 0.34091 ]>
<156119, 4, 1004313600000, [78191 0.01825 55632 -0.0241 16463 -0.00051 55632 -0.0241 ]>
<156286, 7, 1005782400000, [16463 -0.00051 56175 0.375 368 -0.16667 138128 -0.54167 36196 0.16667 55632 -0.0241 115793 -0.06818 ]>
<157501, 3, 991872000000, [104747 0.34091 104747 0.34091 2937 0.12092 ]>
<157580, 3, 990662400000, [104747 0.34091 125336 0.04762 104410 -0.0276 ]>
<157898, 1, 991958400000, [128899 0.19343 ]>
<157907, 1, 990748800000, [155093 0.0271 ]>
<157916, 1, 990144000000, [155093 0.0271 ]>
<158045, 1, 991872000000, [26811 -0.04167 ]>
<158059, 5, 991440000000, [104747 0.34091 125336 0.04762 79450 0.03931 2937 0.12092 2937 0.12092 ]>
<158132, 2, 992217600000, [104747 0.34091 2937 0.12092 ]>
<158133, 2, 992822400000, [104747 0.34091 2937 0.12092 ]>
<158134, 2, 993427200000, [104747 0.34091 2937 0.12092 ]>
<158135, 2, 994032000000, [104747 0.34091 2937 0.12092 ]>
<158137, 2, 994636800000, [104747 0.34091 2937 0.12092 ]>
<158145, 1, 989107200000, [104747 0.34091 ]>
<158146, 2, 988502400000, [104747 0.34091 2937 0.12092 ]>
<158147, 3, 987811200000, [104747 0.34091 125336 0.04762 106376 0.125 ]>
<158149, 2, 987292800000, [104747 0.34091 2937 0.12092 ]>
<158150, 1, 986688000000, [104747 0.34091 ]>
<158151, 2, 986083200000, [104747 0.34091 2937 0.12092 ]>
<158152, 2, 986083200000, [26811 -0.04167 6726 0.08929 ]>
<158153, 2, 985478400000, [104747 0.34091 2937 0.12092 ]>
<158154, 2, 984873600000, [104747 0.34091 2937 0.12092 ]>
<158155, 2, 984268800000, [104747 0.34091 2937 0.12092 ]>
<158156, 2, 984096000000, [26811 -0.04167 33254 0.00461 ]>
<158157, 2, 983664000000, [104747 0.34091 2937 0.12092 ]>
<158158, 2, 991612800000, [104747 0.34091 2937 0.12092 ]>
<158159, 1, 991094400000, [104747 0.34091 ]>
<158160, 1, 990403200000, [104747 0.34091 ]>
<158163, 1, 989193600000, [104747 0.34091 ]>
<158164, 2, 988588800000, [104747 0.34091 2937 0.12092 ]>
<158165, 3, 987897600000, [104747 0.34091 125336 0.04762 106376 0.125 ]>
<158167, 2, 987379200000, [104747 0.34091 2937 0.12092 ]>
<170517, 26, 991872000000, [86610 0.5 32946 0.03444 3390 0.03409 90566 -0.06934 90262 0.01928 132003 0.01276 63067 0.08333 67049 -0.125 26579 -0.25 120424 0.02273 55632 -0.0241 67049 -0.125 34756 0.04653 33254 0.00461 40975 -0.34091 67049 -0.125 135758 -0.04545 1863 -0.015 150948 0.13154 93531 -0.12 40266 0.023 87472 0.125 34756 0.04653 68623 0.41667 40266 0.023 135999 0.01988 ]>
<170649, 37, 991267200000, [64156 0.02737 93531 -0.12 40266 0.023 34756 0.04653 1833 -0.03314 120424 0.02273 119622 0.03794 6726 0.08929 34756 0.04653 101086 0.08333 55632 -0.0241 105900 0.05021 75558 0.01965 101086 0.08333 34756 0.04653 116924 0.0207 64012 -0.08333 34756 0.04653 139130 0.20833 57745 -0.19318 34756 0.04653 102994 0.04545 150948 0.13154 43527 0.375 5731 0.02721 17031 -0.75 152619 -0.10227 90262 0.01928 87472 0.125 147000 0.01531 67049 -0.125 43549 0.015 66501 -0.03409 124962 -0.01448 48392 0.05952 142340 0.03 67049 -0.125 ]>
<172804, 9, 1003104000000, [97936 0.02273 83689 0.16667 154683 0.25 29051 -0.13636 8119 0.03943 127836 0.02041 8119 0.03943 79450 0.03931 6726 0.08929 ]>
<173257, 6, 972259200000, [104747 0.34091 154538 -0.06818 114965 0.275 1793 0.15 99819 0.12 23483 0.125 ]>
<173962, 2, 985305600000, [104747 0.34091 155093 0.0271 ]>
<174087, 2, 988502400000, [60642 0.125 90570 0.10227 ]>
<174270, 5, 991872000000, [79450 0.03931 33587 0.625 55632 -0.0241 68623 0.41667 104747 0.34091 ]>
<174354, 2, 975628800000, [104747 0.34091 155093 0.0271 ]>
<174378, 1, 975542400000, [104747 0.34091 ]>
<174490, 2, 974073600000, [104747 0.34091 155093 0.0271 ]>
<174492, 1, 974073600000, [104747 0.34091 ]>
<174603, 1, 989539200000, [155093 0.0271 ]>
<174657, 3, 990144000000, [104747 0.34091 155093 0.0271 87293 -0.02551 ]>
<174723, 3, 991353600000, [104747 0.34091 155093 0.0271 87293 -0.02551 ]>
<174811, 17, 1005868800000, [3390 0.03409 41617 0.15306 53658 0.03517 69076 0.01725 105900 0.05021 125267 0.0219 79450 0.03931 149241 0.25 39522 -0.32847 55632 -0.0241 88402 0.04167 79450 0.03931 55632 -0.0241 55632 -0.0241 67502 0.10219 105680 0.075 62943 -0.03409 ]>
<174880, 11, 1008892800000, [39993 0.695 128681 -0.01825 79450 0.03931 78618 0.01369 154937 -0.03827 64108 -0.01915 143260 0.03314 49403 0.0219 108838 -0.21289 56119 -0.04516 64156 0.02737 ]>
<174888, 5, 1007078400000, [24732 0.875 110019 0.04167 63479 0.0085 55632 -0.0241 143260 0.03314 ]>
<174913, 15, 988588800000, [110019 0.04167 149241 0.25 66376 -0.01377 49958 0.25 24916 -0.125 136157 0.01884 24916 -0.125 112075 0.625 121629 0.21591 36777 -0.11932 87040 -0.01369 136157 0.01884 54484 0.03576 27841 -0.06818 104747 0.34091 ]>
<174915, 2, 988588800000, [110019 0.04167 51087 0.13636 ]>
<174956, 1, 1009497600000, [67049 -0.125 ]>
<175042, 6, 1006387200000, [55632 -0.0241 24333 0.17942 7757 0.02314 55632 -0.0241 66501 -0.03409 104747 0.34091 ]>
<175128, 9, 1005868800000, [56430 0.125 45734 -0.12044 149975 0.03 105900 0.05021 105900 0.05021 55632 -0.0241 102861 0.02737 49958 0.25 79450 0.03931 ]>
<175144, 26, 1006041600000, [120424 0.02273 27824 0.03028 100991 0.01574 122633 -0.5 25048 0.04545 105900 0.05021 94407 -0.21898 105680 0.075 55632 -0.0241 90727 -0.16667 55632 -0.0241 136157 0.01884 45906 0.04481 3390 0.03409 128681 -0.01825 54313 0.08333 129419 0.1141 32776 -0.36364 119074 0.01825 94853 0.05348 79450 0.03931 12838 -0.05975 10807 0.01725 100991 0.01574 115832 0.02415 111978 0.13636 ]>
<175174, 5, 1009324800000, [67049 -0.125 24146 -0.05742 59247 0.0061 55632 -0.0241 127152 0.375 ]>
<175175, 1, 1008892800000, [151215 0.13636 ]>
<175342, 7, 991267200000, [59030 0.25 120424 0.02273 79450 0.03931 150217 0.09567 72693 -0.01129 102861 0.02737 90811 -0.10227 ]>
<175442, 9, 989539200000, [14506 0.625 128790 -0.03409 71112 -0.27273 153818 0.02737 87862 0.125 86616 -0.00575 59030 0.25 135758 -0.04545 64750 0.105 ]>
<175452, 2, 989193600000, [110019 0.04167 104310 0.2 ]>
<175453, 4, 989193600000, [139108 -0.00197 14506 0.625 120424 0.02273 105900 0.05021 ]>
<175808, 9, 989539200000, [14506 0.625 128790 -0.03409 71112 -0.27273 153818 0.02737 87862 0.125 86616 -0.00575 59030 0.25 135758 -0.04545 64750 0.105 ]>
<175818, 2, 989193600000, [110019 0.04167 104310 0.2 ]>
<175819, 4, 989193600000, [139108 -0.00197 14506 0.625 120424 0.02273 105900 0.05021 ]>
<175847, 1, 988588800000, [110019 0.04167 ]>
<175849, 15, 988588800000, [110019 0.04167 149241 0.25 66376 -0.01377 49958 0.25 24916 -0.125 136157 0.01884 24916 -0.125 112075 0.625 121629 0.21591 36777 -0.11932 87040 -0.01369 136157 0.01884 54484 0.03576 27841 -0.06818 104747 0.34091 ]>
<182071, 2, 951350400000, [74551 0.625 48392 0.05952 ]>
<187176, 29, 1003363200000, [23106 0.33333 103791 0.05102 55632 -0.0241 55632 -0.0241 143260 0.03314 33254 0.00461 46295 0.16667 55632 -0.0241 33254 0.00461 5874 -0.02877 55632 -0.0241 73467 0.02209 149241 0.25 67169 -0.10204 33876 0.135 110410 0.05657 13764 0.01825 33107 0.10847 55632 -0.0241 25423 0.01701 55632 -0.0241 142243 0.00884 5731 0.02721 55653 0.0115 31933 0.255 79450 0.03931 43549 0.015 19740 0.05508 153818 0.02737 ]>
<187211, 1, 1003622400000, [105900 0.05021 ]>
<188364, 3, 974419200000, [104747 0.34091 110019 0.04167 14351 -0.02273 ]>
<191106, 16, 999129600000, [29889 0.19442 10600 0.25 75558 0.01965 33107 0.10847 40266 0.023 143260 0.03314 45443 0.125 55632 -0.0241 55632 -0.0241 110453 0.04024 104747 0.34091 55632 -0.0241 55632 -0.0241 37636 0.1 55653 0.0115 55632 -0.0241 ]>
<195981, 1, 1006300800000, [49762 0.07299 ]>
<197118, 8, 976233600000, [77902 0.03866 154060 0.08333 77902 0.03866 130223 0.02551 119622 0.03794 114337 0.03556 114337 0.03556 84457 0.04545 ]>
<197136, 6, 975628800000, [77902 0.03866 77902 0.03866 55632 -0.0241 114337 0.03556 130223 0.02551 84457 0.04545 ]>
<197156, 3, 974851200000, [114337 0.03556 55632 -0.0241 139202 -0.00767 ]>
<197168, 5, 974419200000, [57068 -0.02551 77902 0.03866 77902 0.03866 114337 0.03556 114337 0.03556 ]>
<197192, 5, 973728000000, [77902 0.03866 77902 0.03866 77902 0.03866 114337 0.03556 90727 -0.16667 ]>
<197249, 4, 971395200000, [57068 -0.02551 77902 0.03866 77902 0.03866 114337 0.03556 ]>
<197273, 2, 970185600000, [57068 -0.02551 154060 0.08333 ]>
<197274, 61, 970099200000, [49762 0.07299 118171 0.08212 16930 0.02062 23860 -0.16667 67049 -0.125 116448 0.0219 30700 0.16667 124309 0.5 6726 0.08929 67049 -0.125 28321 0.07653 117364 0.04167 61629 -0.03285 133281 0.01035 90077 0.23723 64156 0.02737 2553 0.37044 49762 0.07299 71112 -0.27273 149036 0.07231 64156 0.02737 55632 -0.0241 86616 -0.00575 64076 0.08333 17047 -0.04106 120424 0.02273 63479 0.0085 11624 0.00767 87293 -0.02551 79450 0.03931 88468 0.02737 133281 0.01035 55632 -0.0241 59868 0.06818 57456 -0.06818 55632 -0.0241 89299 -0.13636 135975 -0.1 145264 -0.11826 105900 0.05021 24170 -0.08333 65121 -0.375 128711 0.02 576 0.375 74961 0.16667 120424 0.02273 74961 0.16667 126884 0.00792 126884 0.00792 106893 0.03571 32902 0.125 61629 -0.03285 59030 0.25 32058 -0.125 16431 -0.16 55632 -0.0241 87253 -0.625 41546 0.34763 95473 0.05335 43019 -0.03061 88939 0.03201 ]>
<197280, 6, 969580800000, [57068 -0.02551 77902 0.03866 77902 0.03866 154060 0.08333 84457 0.04545 84457 0.04545 ]>
<197292, 5, 968976000000, [125336 0.04762 2989 -0.625 55632 -0.0241 67049 -0.125 77902 0.03866 ]>
<197293, 8, 968976000000, [154060 0.08333 129009 -0.17385 57068 -0.02551 106670 0.09642 84457 0.04545 45334 -0.50894 84457 0.04545 45334 -0.50894 ]>
<197310, 6, 968284800000, [93834 0.21898 77902 0.03866 154060 0.08333 77902 0.03866 84457 0.04545 84457 0.04545 ]>
<197321, 5, 967766400000, [57068 -0.02551 77902 0.03866 77902 0.03866 84457 0.04545 84457 0.04545 ]>
<197333, 7, 967161600000, [55632 -0.0241 77902 0.03866 77902 0.03866 154060 0.08333 56531 0.28912 84457 0.04545 55632 -0.0241 ]>
<198198, 1, 1000944000000, [75558 0.01965 ]>
<203549, 4, 963878400000, [105900 0.05021 33453 0.10227 55632 -0.0241 105900 0.05021 ]>
<210314, 1, 985910400000, [8291 0.07653 ]>
<210629, 1, 984182400000, [8291 0.07653 ]>
<211267, 15, 979257600000, [104747 0.34091 29889 0.19442 43549 0.015 120007 -0.125 33038 -0.5 67583 0.17677 55632 -0.0241 55632 -0.0241 154937 -0.03827 55632 -0.0241 79450 0.03931 5731 0.02721 127612 0.0069 17138 0.06 55632 -0.0241 ]>
<212990, 1, 992217600000, [155093 0.0271 ]>
<213259, 1, 993340800000, [155093 0.0271 ]>
<214983, 1, 982800000000, [55632 -0.0241 ]>
<216078, 6, 987724800000, [62937 0.5 114610 0.08333 104207 0.0061 104207 0.0061 80436 -0.08333 67049 -0.125 ]>
<217052, 1, 990403200000, [155093 0.0271 ]>
<218317, 1, 974851200000, [10600 0.25 ]>
<218489, 1, 974246400000, [104747 0.34091 ]>
<235572, 1, 995328000000, [44266 0.04 ]>
<235575, 1, 995328000000, [2937 0.12092 ]>
<236046, 1, 999648000000, [48392 0.05952 ]>
<236253, 2, 1003708800000, [87793 -0.36 119622 0.03794 ]>
<236331, 1, 995414400000, [42913 0.08333 ]>
<241932, 19, 983145600000, [110019 0.04167 140053 0.01531 55632 -0.0241 55632 -0.0241 113024 0.13636 2937 0.12092 155093 0.0271 55632 -0.0241 79450 0.03931 126884 0.00792 67049 -0.125 101700 0.01701 58841 -0.34 66501 -0.03409 33318 0.023 106990 -0.06818 100991 0.01574 78621 0.04545 63502 -0.015 ]>
<242816, 2, 974073600000, [104747 0.34091 155093 0.0271 ]>
<243036, 2, 976233600000, [104747 0.34091 155093 0.0271 ]>
<244739, 16, 1006128000000, [138769 0.12787 55632 -0.0241 138769 0.12787 87876 0.06818 108390 0.20455 119622 0.03794 55632 -0.0241 149975 0.03 147796 -0.75 121454 0.055 36677 -0.27212 104747 0.34091 114965 0.275 55632 -0.0241 58531 0.08333 104747 0.34091 ]>
<244768, 15, 1006732800000, [138769 0.12787 138769 0.12787 87876 0.06818 55632 -0.0241 115937 0.39 99825 0.01136 138769 0.12787 55632 -0.0241 28792 -0.015 120424 0.02273 55632 -0.0241 82613 -0.20073 104747 0.34091 131309 0.05223 28681 -0.14773 ]>
<244833, 9, 1012262400000, [126361 -0.05474 147796 -0.75 3390 0.03409 104747 0.34091 146376 0.12 79450 0.03931 149975 0.03 151007 0.33333 55632 -0.0241 ]>
<250794, 9, 974419200000, [142243 0.00884 152632 0.04167 45900 0.125 98633 0.05474 16132 -0.01701 3390 0.03409 90275 0.17045 55632 -0.0241 40889 0.32955 ]>
