<889, 10, 1000944000000, [32460 0.01314 116448 0.0219 130025 0.01825 116448 0.0219 49403 0.0219 75558 0.01965 104747 0.34091 97406 0.05442 94123 0.02273 63611 0.375 ]>
<891, 27, 1015804800000, [140154 0.625 139897 -0.125 119622 0.03794 131657 -0.005 81244 0.045 105854 0.06378 13764 0.01825 23150 -0.17781 64156 0.02737 73648 -0.75 130025 0.01825 130025 0.01825 130025 0.01825 118171 0.08212 16463 -0.00051 2989 -0.625 79450 0.03931 29889 0.19442 105900 0.05021 5845 0.125 17047 -0.04106 87254 0.00533 87254 0.00533 16132 -0.01701 116448 0.0219 116448 0.0219 116448 0.0219 ]>
<892, 12, 1015545600000, [145412 0.04545 28792 -0.015 23150 -0.17781 139108 -0.00197 118171 0.08212 27460 0.03214 106670 0.09642 87254 0.00533 87254 0.00533 68985 0.04545 116448 0.0219 14131 0.25 ]>
<897, 8, 1014076800000, [23150 -0.17781 63273 0.02812 23150 -0.17781 124962 -0.01448 59413 0.02273 109879 0.05474 104062 0.11364 55632 -0.0241 ]>
<908, 17, 1014940800000, [97406 0.05442 27460 0.03214 79450 0.03931 135495 0.08035 104310 0.2 59707 -0.02041 27474 0.00491 116189 -0.03 114113 -0.45742 84457 0.04545 131945 -0.0438 63822 0.04344 136416 -0.0075 92397 -0.0102 105900 0.05021 23150 -0.17781 136402 0.5 ]>
<911, 1, 1014681600000, [143600 0.015 ]>
<914, 1, 1011139200000, [155093 0.0271 ]>
<915, 10, 1013385600000, [36777 -0.11932 106627 0.03409 106627 0.03409 149605 0.045 47813 -0.02209 71884 0.02007 23018 0.03409 23150 -0.17781 105508 -0.17045 16431 -0.16 ]>
<918, 2, 1013644800000, [105680 0.075 104310 0.2 ]>
<923, 3, 1010361600000, [16859 0.03099 55632 -0.0241 79450 0.03931 ]>
<924, 4, 1010361600000, [81375 -0.535 2937 0.12092 2937 0.12092 27089 0.06818 ]>
<926, 5, 1012521600000, [72081 -0.14773 74961 0.16667 49762 0.07299 55632 -0.0241 55632 -0.0241 ]>
<927, 1, 1012262400000, [105900 0.05021 ]>
<929, 4, 1011744000000, [129009 -0.17385 61105 -0.26276 55632 -0.0241 124710 0.01607 ]>
<930, 4, 1010016000000, [108672 0.25 140360 0.01825 43019 -0.03061 31659 0.01718 ]>
<939, 1, 1005177600000, [74961 0.16667 ]>
<942, 4, 1005523200000, [77902 0.03866 129857 -0.00189 64076 0.08333 55632 -0.0241 ]>
<944, 2, 1002067200000, [55632 -0.0241 116448 0.0219 ]>
<945, 8, 1000252800000, [55632 -0.0241 33107 0.10847 55632 -0.0241 25048 0.04545 149605 0.045 149605 0.045 67049 -0.125 105900 0.05021 ]>
<946, 6, 1001548800000, [116448 0.0219 76601 0.16667 76601 0.16667 38875 0.07955 134825 0.14 31745 -0.35514 ]>
<948, 8, 1001548800000, [31982 0.06973 56703 0.27 23150 -0.17781 139202 -0.00767 55632 -0.0241 55632 -0.0241 119246 -0.06 119246 -0.06 ]>
<954, 5, 1001376000000, [32888 -0.07874 88643 -0.0207 149448 -0.11019 84457 0.04545 120424 0.02273 ]>
<958, 20, 1001030400000, [124710 0.01607 75558 0.01965 130025 0.01825 23150 -0.17781 110019 0.04167 70137 0.06818 88329 0.13256 70137 0.06818 130025 0.01825 23150 -0.17781 140049 -0.125 61379 0.38047 150217 0.09567 70137 0.06818 55632 -0.0241 130025 0.01825 94123 0.02273 104747 0.34091 63611 0.375 95473 0.05335 ]>
<960, 15, 1001030400000, [3390 0.03409 72081 -0.14773 70137 0.06818 69796 0.29167 59499 0.21898 75558 0.01965 70137 0.06818 23150 -0.17781 13510 0.17007 23150 -0.17781 55632 -0.0241 14506 0.625 64156 0.02737 36287 0.03214 87253 -0.625 ]>
<961, 2, 1001030400000, [105900 0.05021 106793 -0.625 ]>
<963, 21, 1001030400000, [63479 0.0085 59499 0.21898 79450 0.03931 66501 -0.03409 75558 0.01965 70137 0.06818 110019 0.04167 70137 0.06818 130025 0.01825 88329 0.13256 70137 0.06818 130025 0.01825 55632 -0.0241 150217 0.09567 105900 0.05021 116066 0.34672 14506 0.625 94123 0.02273 3342 0.04082 53658 0.03517 88329 0.13256 ]>
<966, 9, 999734400000, [55632 -0.0241 124710 0.01607 106487 -0.125 67049 -0.125 2937 0.12092 100991 0.01574 154937 -0.03827 64156 0.02737 105900 0.05021 ]>
<969, 10, 1000944000000, [70137 0.06818 130025 0.01825 61892 0.00414 55632 -0.0241 23150 -0.17781 55632 -0.0241 94123 0.02273 64156 0.02737 127830 0.125 79450 0.03931 ]>
<971, 13, 1000771200000, [144236 -0.41667 84457 0.04545 55632 -0.0241 143884 -0.41 130025 0.01825 133089 -0.02755 28564 0.17518 152389 0.02551 108651 -0.15656 105900 0.05021 55632 -0.0241 100991 0.01574 116448 0.0219 ]>
<973, 12, 1000771200000, [104062 0.11364 98986 0.08333 33254 0.00461 8443 -0.08555 87253 -0.625 25048 0.04545 55632 -0.0241 135758 -0.04545 67049 -0.125 130025 0.01825 55632 -0.0241 23150 -0.17781 ]>
<974, 4, 1000771200000, [25048 0.04545 55632 -0.0241 116448 0.0219 55632 -0.0241 ]>
<979, 3, 999129600000, [55632 -0.0241 133000 0.16667 124157 0.33333 ]>
<984, 5, 999216000000, [5731 0.02721 77902 0.03866 55632 -0.0241 57456 -0.06818 113900 -0.35714 ]>
<985, 2, 999648000000, [145264 -0.11826 79450 0.03931 ]>
<986, 5, 999734400000, [104747 0.34091 127612 0.0069 23150 -0.17781 126784 0.06402 35197 0.25 ]>
<987, 15, 999734400000, [95410 -0.0241 70137 0.06818 64156 0.02737 10513 -0.01701 88329 0.13256 68988 -0.04167 136157 0.01884 55632 -0.0241 130025 0.01825 23150 -0.17781 23150 -0.17781 130025 0.01825 95473 0.05335 8443 -0.08555 110019 0.04167 ]>
<990, 18, 999561600000, [63822 0.04344 79450 0.03931 23150 -0.17781 63030 -0.0085 23150 -0.17781 140360 0.01825 120029 0.06 80297 0.04167 134678 -0.13636 70137 0.06818 57456 -0.06818 23150 -0.17781 127612 0.0069 23150 -0.17781 95473 0.05335 126306 -0.04821 93092 -0.33333 140053 0.01531 ]>
<991, 9, 999561600000, [48392 0.05952 120424 0.02273 55632 -0.0241 103791 0.05102 53658 0.03517 87253 -0.625 120424 0.02273 79450 0.03931 55632 -0.0241 ]>
<992, 3, 999216000000, [100991 0.01574 55632 -0.0241 16132 -0.01701 ]>
<993, 7, 999043200000, [120424 0.02273 67583 0.17677 3390 0.03409 55632 -0.0241 23150 -0.17781 95603 0.0069 150218 0.01538 ]>
<994, 6, 999043200000, [105680 0.075 55632 -0.0241 59499 0.21898 67049 -0.125 79450 0.03931 26811 -0.04167 ]>
<995, 1, 999216000000, [3390 0.03409 ]>
<998, 1, 999129600000, [25423 0.01701 ]>
<1001, 2, 998438400000, [116448 0.0219 87253 -0.625 ]>
<1006, 9, 998870400000, [129857 -0.00189 88329 0.13256 64156 0.02737 55632 -0.0241 67049 -0.125 28996 0.01205 64156 0.02737 64156 0.02737 79450 0.03931 ]>
<1007, 10, 998870400000, [90262 0.01928 88939 0.03201 67049 -0.125 130025 0.01825 55632 -0.0241 97406 0.05442 95473 0.05335 104747 0.34091 87253 -0.625 90727 -0.16667 ]>
<1010, 5, 998438400000, [2989 -0.625 105900 0.05021 32460 0.01314 134825 0.14 88329 0.13256 ]>
<1012, 3, 998438400000, [83928 0.26136 51969 0.04677 105900 0.05021 ]>
<1014, 8, 998352000000, [55632 -0.0241 55632 -0.0241 90436 0.00053 149164 0.125 58028 0.00956 59707 -0.02041 105900 0.05021 31933 0.255 ]>
<1016, 18, 996969600000, [110019 0.04167 55632 -0.0241 66501 -0.03409 66501 -0.03409 105900 0.05021 23150 -0.17781 64156 0.02737 18857 0.21898 48392 0.05952 21981 0.08333 31933 0.255 149241 0.25 149241 0.25 27432 0.16667 149241 0.25 22971 0.57955 68988 -0.04167 12227 0.00393 ]>
<1018, 14, 996537600000, [83073 0.04167 15380 -0.08732 68988 -0.04167 79450 0.03931 30213 0.015 136499 -0.625 149241 0.25 1863 -0.015 151653 0.03285 79450 0.03931 116448 0.0219 36677 -0.27212 145264 -0.11826 105196 -0.0241 ]>
<1020, 6, 996019200000, [87253 -0.625 105900 0.05021 55632 -0.0241 23150 -0.17781 128681 -0.01825 67049 -0.125 ]>
<1022, 3, 998352000000, [55560 -0.02 79450 0.03931 44385 0.625 ]>
<1024, 4, 998352000000, [55632 -0.0241 31654 0.03 36287 0.03214 55632 -0.0241 ]>
<1025, 1, 998265600000, [55632 -0.0241 ]>
<1027, 27, 997401600000, [75558 0.01965 93092 -0.33333 79450 0.03931 94408 0.04252 63030 -0.0085 55632 -0.0241 64750 0.105 64750 0.105 67502 0.10219 61379 0.38047 153818 0.02737 66501 -0.03409 27728 -0.125 64156 0.02737 129481 0.25 64156 0.02737 79450 0.03931 85468 -0.29964 42353 0.31818 61069 0.20833 31933 0.255 55632 -0.0241 27474 0.00491 140360 0.01825 112865 0.10227 69796 0.29167 79450 0.03931 ]>
<1032, 3, 996796800000, [55632 -0.0241 2607 -0.0243 105900 0.05021 ]>
<1035, 1, 995414400000, [131283 0.375 ]>
<1036, 3, 995500800000, [116537 0.04167 81244 0.045 106893 0.03571 ]>
<1037, 2, 994377600000, [155093 0.0271 145264 -0.11826 ]>
<1201, 2, 1005609600000, [31090 -0.25 8443 -0.08555 ]>
<1208, 2, 1004400000000, [106418 -0.04836 27824 0.03028 ]>
<1226, 23, 1016496000000, [152389 0.02551 57068 -0.02551 119622 0.03794 1475 -0.13636 76532 0.02063 65802 0.16788 79450 0.03931 59707 -0.02041 55632 -0.0241 16132 -0.01701 19529 -0.12993 21853 0.00803 64156 0.02737 151653 0.03285 58087 0.16423 14506 0.625 118171 0.08212 27460 0.03214 72081 -0.14773 17047 -0.04106 23150 -0.17781 116448 0.0219 116448 0.0219 ]>
<1233, 4, 1014854400000, [144089 -0.00641 23150 -0.17781 55632 -0.0241 94123 0.02273 ]>
<1247, 5, 1006819200000, [66097 -0.0241 73573 0.42045 95473 0.05335 75558 0.01965 10807 0.01725 ]>
<1260, 8, 1006128000000, [16132 -0.01701 87253 -0.625 27460 0.03214 61379 0.38047 61379 0.38047 14351 -0.02273 90727 -0.16667 111167 0.04167 ]>
<1268, 2, 1005696000000, [66097 -0.0241 9179 0.125 ]>
<1279, 2, 1005177600000, [104207 0.0061 95473 0.05335 ]>
<1280, 4, 1005177600000, [15961 0.06026 149975 0.03 73573 0.42045 71070 -0.08333 ]>
<1284, 4, 1005177600000, [74961 0.16667 48392 0.05952 66097 -0.0241 6726 0.08929 ]>
<1288, 4, 1005091200000, [21621 0.125 130025 0.01825 23150 -0.17781 77902 0.03866 ]>
<1289, 4, 1005091200000, [21621 0.125 130025 0.01825 23150 -0.17781 77902 0.03866 ]>
<1308, 1, 1004054400000, [40465 0.15 ]>
<1319, 5, 1003968000000, [78621 0.04545 130025 0.01825 79450 0.03931 16132 -0.01701 23150 -0.17781 ]>
<1363, 1, 1016064000000, [95473 0.05335 ]>
<1391, 4, 1015200000000, [55632 -0.0241 73573 0.42045 31659 0.01718 92639 -0.08333 ]>
<1402, 5, 1014854400000, [26811 -0.04167 23150 -0.17781 55632 -0.0241 67049 -0.125 130025 0.01825 ]>
<1413, 1, 1014768000000, [55632 -0.0241 ]>
<1444, 4, 1014163200000, [23150 -0.17781 75334 0.07299 141393 -0.03409 129857 -0.00189 ]>
<1445, 4, 1014163200000, [104207 0.0061 75334 0.07299 141393 -0.03409 129857 -0.00189 ]>
<1446, 1, 1014076800000, [14506 0.625 ]>
<1476, 1, 1013385600000, [26811 -0.04167 ]>
<1477, 3, 1013385600000, [23150 -0.17781 140360 0.01825 151653 0.03285 ]>
<1484, 10, 1013385600000, [106627 0.03409 149605 0.045 120424 0.02273 114510 0.375 105900 0.05021 154937 -0.03827 121872 0.01369 23018 0.03409 17591 -0.13047 16431 -0.16 ]>
<1498, 1, 1012867200000, [16132 -0.01701 ]>
<1500, 1, 1012780800000, [75558 0.01965 ]>
<1504, 1, 1012521600000, [111813 0.25 ]>
<1508, 2, 1012435200000, [130025 0.01825 104747 0.34091 ]>
<1519, 1, 1011657600000, [55632 -0.0241 ]>
<1535, 1, 1010966400000, [2937 0.12092 ]>
<1537, 1, 1010966400000, [66376 -0.01377 ]>
<1621, 13, 1006819200000, [130025 0.01825 147812 0.5 42155 0.0241 75558 0.01965 121436 -0.03 95473 0.05335 53658 0.03517 36287 0.03214 120424 0.02273 47813 -0.02209 3390 0.03409 55632 -0.0241 71844 -0.25 ]>
<1635, 1, 1004313600000, [90262 0.01928 ]>
<1651, 7, 999216000000, [55632 -0.0241 114431 0.08333 27728 -0.125 74551 0.625 55632 -0.0241 55632 -0.0241 14506 0.625 ]>
<1676, 1, 1006732800000, [16132 -0.01701 ]>
<1782, 2, 1014854400000, [105900 0.05021 55632 -0.0241 ]>
<1807, 2, 1014595200000, [30712 0.125 11624 0.00767 ]>
<1853, 4, 1014249600000, [131283 0.375 55632 -0.0241 95473 0.05335 23150 -0.17781 ]>
<1873, 3, 1014163200000, [130025 0.01825 79450 0.03931 33107 0.10847 ]>
<1930, 1, 1013385600000, [116448 0.0219 ]>
<1991, 5, 1010361600000, [116448 0.0219 130025 0.01825 43019 -0.03061 103737 0.04545 120424 0.02273 ]>
<1992, 2, 1012435200000, [110019 0.04167 135758 -0.04545 ]>
<1993, 4, 1012435200000, [130025 0.01825 104747 0.34091 75558 0.01965 143260 0.03314 ]>
<1994, 2, 1012521600000, [10513 -0.01701 55632 -0.0241 ]>
<2065, 3, 1011830400000, [55632 -0.0241 64156 0.02737 55632 -0.0241 ]>
<2122, 3, 1011225600000, [16132 -0.01701 8418 -0.02583 23150 -0.17781 ]>
<2165, 2, 1010361600000, [76532 0.02063 105900 0.05021 ]>
<2170, 2, 1010707200000, [75558 0.01965 61105 -0.26276 ]>
<2187, 2, 1010275200000, [27728 -0.125 71564 0.125 ]>
<2202, 1, 1010620800000, [110019 0.04167 ]>
<6313, 4, 1003708800000, [104747 0.34091 72374 0.03401 99819 0.12 110019 0.04167 ]>
<6435, 1, 1012867200000, [16132 -0.01701 ]>
<6624, 1, 1010966400000, [2937 0.12092 ]>
<6625, 1, 1010966400000, [66376 -0.01377 ]>
<6689, 2, 1010361600000, [76532 0.02063 105900 0.05021 ]>
<6770, 3, 1008547200000, [153818 0.02737 55632 -0.0241 89401 0.75 ]>
<6772, 3, 1008547200000, [16132 -0.01701 29587 0.5 55632 -0.0241 ]>
<6960, 1, 1002499200000, [104747 0.34091 ]>
<7091, 1, 1004313600000, [90262 0.01928 ]>
<43977, 5, 1014681600000, [132994 -0.02894 67049 -0.125 80816 0.21898 83248 -0.45833 14506 0.625 ]>
<44395, 1, 1014681600000, [14506 0.625 ]>
<44397, 6, 1014681600000, [110019 0.04167 67049 -0.125 149241 0.25 104747 0.34091 130025 0.01825 87793 -0.36 ]>
<45166, 1, 1014076800000, [14506 0.625 ]>
<45172, 6, 1011744000000, [59707 -0.02041 55632 -0.0241 55632 -0.0241 32460 0.01314 130025 0.01825 17361 0.45833 ]>
<45186, 3, 1011830400000, [55632 -0.0241 64156 0.02737 55632 -0.0241 ]>
<45305, 1, 1012867200000, [16132 -0.01701 ]>
<45382, 2, 1010361600000, [76532 0.02063 105900 0.05021 ]>
<45570, 8, 1006128000000, [16132 -0.01701 87253 -0.625 27460 0.03214 61379 0.38047 61379 0.38047 14351 -0.02273 90727 -0.16667 111167 0.04167 ]>
<45640, 4, 1005177600000, [15961 0.06026 149975 0.03 73573 0.42045 71070 -0.08333 ]>
<45725, 1, 1004313600000, [90262 0.01928 ]>
<45802, 2, 1003708800000, [105900 0.05021 59213 0.10949 ]>
<45923, 10, 999216000000, [55632 -0.0241 79450 0.03931 66501 -0.03409 149241 0.25 130025 0.01825 23150 -0.17781 32460 0.01314 14506 0.625 85065 0.24 55632 -0.0241 ]>
<46106, 8, 1005264000000, [15961 0.06026 23150 -0.17781 15961 0.06026 77902 0.03866 33107 0.10847 77902 0.03866 71070 -0.08333 27474 0.00491 ]>
<46326, 9, 1011744000000, [135758 -0.04545 32460 0.01314 58028 0.00956 55632 -0.0241 55632 -0.0241 126746 0.045 17361 0.45833 87253 -0.625 114006 -0.01514 ]>
<46327, 6, 1011744000000, [126746 0.045 55632 -0.0241 114431 0.08333 120424 0.02273 105900 0.05021 114006 -0.01514 ]>
<46522, 2, 1003708800000, [33045 0.375 110019 0.04167 ]>
<46523, 1, 1003708800000, [129481 0.25 ]>
<46616, 4, 1002499200000, [2937 0.12092 130025 0.01825 23150 -0.17781 23150 -0.17781 ]>
<46617, 6, 1002499200000, [155093 0.0271 23150 -0.17781 136315 0.05474 128681 -0.01825 23150 -0.17781 130025 0.01825 ]>
<46624, 2, 1002412800000, [70137 0.06818 23150 -0.17781 ]>
<46833, 3, 998265600000, [110019 0.04167 51087 0.13636 129857 -0.00189 ]>
<46844, 1, 997920000000, [75558 0.01965 ]>
<46858, 2, 997660800000, [75558 0.01965 105900 0.05021 ]>
<46863, 2, 997660800000, [23150 -0.17781 64156 0.02737 ]>
<46867, 1, 997401600000, [55632 -0.0241 ]>
<46873, 1, 997315200000, [48392 0.05952 ]>
<47186, 1, 1010966400000, [66376 -0.01377 ]>
<47308, 4, 1003708800000, [104747 0.34091 72374 0.03401 99819 0.12 110019 0.04167 ]>
<47325, 8, 999129600000, [88939 0.03201 130025 0.01825 90436 0.00053 110019 0.04167 130025 0.01825 135758 -0.04545 55632 -0.0241 79450 0.03931 ]>
<47344, 3, 1002499200000, [16132 -0.01701 70137 0.06818 23150 -0.17781 ]>
<47650, 5, 997660800000, [110019 0.04167 66501 -0.03409 88329 0.13256 79450 0.03931 67049 -0.125 ]>
<59493, 4, 1010016000000, [108672 0.25 140360 0.01825 43019 -0.03061 31659 0.01718 ]>
<88911, 6, 999734400000, [55632 -0.0241 84712 0.5 5731 0.02721 122633 -0.5 76532 0.02063 104747 0.34091 ]>
<88912, 3, 999216000000, [100991 0.01574 55632 -0.0241 16132 -0.01701 ]>
<88914, 25, 996537600000, [83073 0.04167 5518 0.02379 55632 -0.0241 59707 -0.02041 106438 -0.2534 101236 0.03 61379 0.38047 55632 -0.0241 73467 0.02209 145551 -0.25 67049 -0.125 154937 -0.03827 79450 0.03931 146376 0.12 135758 -0.04545 32460 0.01314 55632 -0.0241 116448 0.0219 36677 -0.27212 145264 -0.11826 23150 -0.17781 55632 -0.0241 10600 0.25 105900 0.05021 128681 -0.01825 ]>
<89303, 7, 999216000000, [55632 -0.0241 114431 0.08333 27728 -0.125 74551 0.625 55632 -0.0241 55632 -0.0241 14506 0.625 ]>
<89315, 25, 996537600000, [83073 0.04167 5518 0.02379 55632 -0.0241 59707 -0.02041 106438 -0.2534 101236 0.03 61379 0.38047 55632 -0.0241 73467 0.02209 145551 -0.25 67049 -0.125 154937 -0.03827 79450 0.03931 146376 0.12 135758 -0.04545 32460 0.01314 55632 -0.0241 116448 0.0219 36677 -0.27212 145264 -0.11826 23150 -0.17781 55632 -0.0241 10600 0.25 105900 0.05021 128681 -0.01825 ]>
<195843, 4, 1005091200000, [21621 0.125 130025 0.01825 23150 -0.17781 77902 0.03866 ]>
<196515, 4, 1005091200000, [21621 0.125 130025 0.01825 23150 -0.17781 77902 0.03866 ]>
<196521, 2, 1006992000000, [34831 0.04167 14506 0.625 ]>
<196538, 2, 1005696000000, [66097 -0.0241 9179 0.125 ]>
<196548, 2, 1004400000000, [106418 -0.04836 27824 0.03028 ]>
<196863, 2, 997747200000, [2989 -0.625 3390 0.03409 ]>
<196873, 1, 998265600000, [104747 0.34091 ]>
<196891, 8, 999129600000, [88939 0.03201 130025 0.01825 90436 0.00053 110019 0.04167 130025 0.01825 135758 -0.04545 55632 -0.0241 79450 0.03931 ]>
<196893, 10, 999216000000, [55632 -0.0241 79450 0.03931 66501 -0.03409 149241 0.25 130025 0.01825 23150 -0.17781 32460 0.01314 14506 0.625 85065 0.24 55632 -0.0241 ]>
